1691.80600;0.11495
0.00000;0.08864
3427.67300;0.08680
17162.49900;0.07946
8612.95500;0.05342
42342.21600;0.01309
43368.63400;0.01205
43430.13500;0.01199
43799.08500;0.01164
47006.83000;0.00913
47235.22100;0.00898
48107.27000;0.00843
48216.35600;0.00837
49487.12700;0.00765
50756.21200;0.00701
51010.93700;0.00689
51160.52000;0.00682
51170.99300;0.00682
52248.82200;0.00634
52263.58900;0.00634
52415.87700;0.00627
52919.76700;0.00607
53592.77400;0.00581
53631.80600;0.00579
53826.60400;0.00572
54070.81400;0.00563
54211.74400;0.00558
54225.62800;0.00557
54234.31800;0.00557
54288.15200;0.00555
54653.83000;0.00542
54762.86200;0.00539
54770.18800;0.00538
54771.89800;0.00538
55131.53000;0.00526
55140.47200;0.00526
55156.73100;0.00525
55296.25200;0.00521
55444.61100;0.00516
55621.90000;0.00510
55688.37700;0.00508
55741.16500;0.00506
55751.94700;0.00506
55805.36200;0.00504
55854.62300;0.00503
55856.73700;0.00503
55888.34700;0.00502
56134.85100;0.00494
56135.58900;0.00494
56136.15900;0.00494
56358.90100;0.00487
56390.11300;0.00486
56400.53000;0.00486
56486.36500;0.00483
56488.32700;0.00483
56541.05000;0.00481
56546.13700;0.00481
56549.64700;0.00481
56630.74400;0.00479
56632.79700;0.00479
56780.00400;0.00474
56838.68000;0.00473
56965.91100;0.00469
56969.72500;0.00469
56970.51200;0.00469
57094.33000;0.00465
57103.95000;0.00465
57104.73000;0.00465
57106.96000;0.00465
57150.17700;0.00464
57181.71000;0.00463
57374.55300;0.00457
57498.77000;0.00454
57499.57000;0.00454
57500.35000;0.00454
57517.82000;0.00453
57533.30000;0.00453
57562.44000;0.00452
57775.44000;0.00446
57847.17000;0.00444
57856.75000;0.00444
57898.20000;0.00443
58057.94000;0.00439
58100.69000;0.00437
58100.89000;0.00437
58143.31000;0.00436
58465.59000;0.00428
58521.90700;0.00426
58523.55000;0.00426
58607.88000;0.00424
58690.05000;0.00422
58758.38000;0.00420
59039.80000;0.00413
59230.00000;0.00409
59374.20000;0.00405
60013.00000;0.00390
60051.40000;0.00389
60452.10000;0.00380
60598.80000;0.00377
61247.50000;0.00362
61351.00000;0.00360
61600.00000;0.00355
61769.30000;0.00352
62008.60000;0.00347
62080.00000;0.00345
62125.30000;0.00344
62382.98000;0.00339
46603.51700;0.00313
47805.84000;0.00287
48189.79100;0.00279
52254.28000;0.00211
52265.37300;0.00211
54713.31000;0.00180
54767.73100;0.00179
54990.43100;0.00177
55373.83500;0.00173
55500.97300;0.00171
56132.84800;0.00165
56298.00500;0.00163
56395.88600;0.00162
56659.18000;0.00159
56963.66800;0.00156
58390.58000;0.00143
58862.17000;0.00139
59091.20000;0.00137
59157.01000;0.00137
49406.16200;0.00085
56104.40700;0.00055
39625.50600;0.00001
38628.87600;0.00000
55187.15100;0.00000
34914.28200;0.00000
51375.33200;0.00000
55073.19400;0.00000
53020.95200;0.00000
57283.65300;0.00000
34640.75800;0.00000
51113.05900;0.00000
52706.83200;0.00000
56242.37800;0.00000
48981.93400;0.00000
48222.15900;0.00000
51474.71800;0.00000
39257.05300;0.00000
47487.69600;0.00000
43682.73700;0.00000
44576.00600;0.00000
44144.36800;0.00000
44508.67700;0.00000
47145.68400;0.00000
51754.67100;0.00000
49893.82300;0.00000
50125.97100;0.00000
48669.40900;0.00000
