0.000000000000000000e+00;1.233233929900843691e-08
1.691806000000000040e+03;1.473441189003030845e-08
3.427672999999999774e+03;1.788155411811487761e-08
8.612954999999999927e+03;3.367091184659053033e-08
1.716249899999999980e+04;7.861958816445840786e-08
3.464075800000000163e+04;1.120778933823918578e-08
3.491428199999999924e+04;1.083130464768222157e-08
3.862887599999999657e+04;7.083548971086695884e-09
3.925705299999999988e+04;6.641144954639086550e-09
3.962550600000000122e+04;6.400732802687170403e-09
4.234221600000000035e+04;4.977241423934338366e-09
4.343013500000000204e+04;4.541135138173935268e-09
4.700683000000000175e+04;3.455632030120062923e-09
4.336863399999999820e+04;4.564177850174790696e-09
4.379908499999999913e+04;4.406609652606155602e-09
4.723522099999999773e+04;3.399957062721902374e-09
4.368273700000000099e+04;4.448358384991246644e-09
4.457600600000000122e+04;4.142701877804750205e-09
4.810726999999999680e+04;3.198905966525235214e-09
4.414436800000000221e+04;4.286215323741918538e-09
4.450867700000000332e+04;4.164597453252440549e-09
4.748769600000000355e+04;3.339917260832259477e-09
4.660351699999999983e+04;3.557262256585405787e-09
4.714568400000000111e+04;3.421626475612366372e-09
4.780583999999999651e+04;3.266419977305557063e-09
4.818979099999999744e+04;3.180770114483887857e-09
4.821635599999999977e+04;3.174962940864415559e-09
4.822215899999999965e+04;3.173696393953975603e-09
5.241587700000000041e+04;2.412956998727185536e-09
4.866940899999999965e+04;3.078190004052350890e-09
4.898193400000000111e+04;3.013831745498593393e-09
4.948712700000000041e+04;2.913685266278386953e-09
4.940616199999999662e+04;2.929423467667982176e-09
4.989382299999999668e+04;2.836354176585569700e-09
5.012597099999999773e+04;2.793458432051892465e-09
5.075621199999999953e+04;2.681310649424570068e-09
5.117099300000000221e+04;2.610745308657977521e-09
5.514047200000000157e+04;2.041712998422477752e-09
5.101093699999999808e+04;2.637681974178973760e-09
5.147471800000000076e+04;2.560611484483740666e-09
5.718170999999999913e+04;1.808134452135865347e-09
5.111305900000000111e+04;2.620453448272784271e-09
5.137533200000000215e+04;2.576877140784726370e-09
5.518715099999999802e+04;2.035985368447143317e-09
5.116051999999999680e+04;2.612496798924535376e-09
5.175467100000000210e+04;2.515504603393617720e-09
5.544461099999999715e+04;2.004737814357737405e-09
5.224882200000000012e+04;2.438353541133639462e-09
5.654105000000000291e+04;1.877883233267701993e-09
5.654964699999999721e+04;1.876926662249653396e-09
5.225427999999999884e+04;2.437518425820188444e-09
5.226358899999999994e+04;2.436094919299574898e-09
5.640052999999999884e+04;1.893600051695501644e-09
5.648832699999999750e+04;1.883762146707194138e-09
5.226537299999999959e+04;2.435822235950900879e-09
5.270683200000000215e+04;2.369520252268060149e-09
5.291976699999999983e+04;2.338354949571987202e-09
5.302095199999999750e+04;2.323725896503299240e-09
5.715017700000000332e+04;1.811495925278498833e-09
5.359277399999999761e+04;2.243165180518069683e-09
5.363180599999999686e+04;2.237793527819460700e-09
5.382660399999999936e+04;2.211221103013644461e-09
5.407081399999999849e+04;2.178454221190952974e-09
5.423431799999999930e+04;2.156848092278897500e-09
5.421174399999999878e+04;2.159815493093598893e-09
5.465383000000000175e+04;2.102594540906565378e-09
5.852190699999999924e+04;1.671719821817402161e-09
5.422562799999999697e+04;2.157989822143409774e-09
5.428815200000000186e+04;2.149791543430815665e-09
5.471330999999999767e+04;2.095036920351799672e-09
5.476286200000000099e+04;2.088765831596487378e-09
5.477018800000000192e+04;2.087840609756251098e-09
5.477189800000000105e+04;2.087624720132274254e-09
5.476773099999999977e+04;2.088150856259354208e-09
5.499043099999999686e+04;2.060254859164210849e-09
5.507319400000000314e+04;2.050002226502886711e-09
5.513152999999999884e+04;2.042812408655853925e-09
5.515673099999999977e+04;2.039715788113074594e-09
5.937419999999999709e+04;1.591118052918422221e-09
5.529625200000000041e+04;2.022673316337120077e-09
5.562190000000000146e+04;1.983553148612176646e-09
5.568837700000000041e+04;1.975678441428744430e-09
5.537383499999999913e+04;2.013270300259496184e-09
5.550097299999999814e+04;1.997973882278769465e-09
5.574116500000000087e+04;1.969451762570879867e-09
5.575194700000000012e+04;1.968182826010217269e-09
5.588834700000000157e+04;1.952213346608072337e-09
5.580536200000000099e+04;1.961910696590159803e-09
6.001300000000000000e+04;1.533599801310754428e-09
6.005140000000000146e+04;1.530217954087250660e-09
5.585462299999999959e+04;1.956147350547285539e-09
5.585673700000000099e+04;1.955900470338698266e-09
5.610440699999999924e+04;1.927230343129070854e-09
5.613284799999999814e+04;1.923969937697318255e-09
5.613485100000000239e+04;1.923740564328518510e-09
5.613558899999999994e+04;1.923656060453231468e-09
5.613615899999999965e+04;1.923590796240475923e-09
5.624237799999999697e+04;1.911474337194766791e-09
6.045209999999999854e+04;1.495426431842147865e-09
5.629800499999999738e+04;1.905164838759400429e-09
5.635890099999999802e+04;1.898285801410043476e-09
5.639011299999999756e+04;1.894771309269003853e-09
6.059880000000000291e+04;1.482912564382380582e-09
5.639588599999999860e+04;1.894122104523404007e-09
5.648636499999999796e+04;1.883981337510557466e-09
5.663074399999999878e+04;1.867931228222927854e-09
5.663279699999999866e+04;1.867704162358854404e-09
5.654613700000000244e+04;1.877317143860558588e-09
5.665918000000000029e+04;1.864789026948365853e-09
5.678000400000000081e+04;1.851506711842219086e-09
5.683868000000000029e+04;1.845096337947117424e-09
5.696366799999999785e+04;1.831527598546809557e-09
5.696591100000000006e+04;1.831285163759918185e-09
5.696972499999999854e+04;1.830873013286121264e-09
5.697051200000000244e+04;1.830787981548394984e-09
5.709433000000000175e+04;1.817467180199056239e-09
6.124750000000000000e+04;1.428969108550496717e-09
5.710394999999999709e+04;1.816436961626068431e-09
5.710695999999999913e+04;1.816114756431858154e-09
6.135100000000000000e+04;1.420567610709561619e-09
5.710473000000000320e+04;1.816353460206622836e-09
5.728365299999999843e+04;1.797316683464341024e-09
5.737455299999999988e+04;1.787734134895997654e-09
5.749876999999999680e+04;1.774735057653864043e-09
5.749956999999999971e+04;1.774651695039612305e-09
5.750034999999999854e+04;1.774570420852158173e-09
5.751781999999999971e+04;1.772751217168934815e-09
5.753330000000000291e+04;1.771141043546788781e-09
5.756244000000000233e+04;1.768114599762715410e-09
6.160000000000000000e+04;1.400580664659270142e-09
6.176930000000000291e+04;1.387170536722908941e-09
5.777544000000000233e+04;1.746173516844358018e-09
5.784716999999999825e+04;1.738855571640258462e-09
6.208000000000000000e+04;1.362930980009225741e-09
5.785675000000000000e+04;1.737880895761856460e-09
5.789819999999999709e+04;1.733671001770017804e-09
6.200859999999999854e+04;1.368459283844931886e-09
6.212530000000000291e+04;1.359436414445587847e-09
5.805794000000000233e+04;1.717556513092070381e-09
5.810069000000000233e+04;1.713273226907434045e-09
5.810088999999999942e+04;1.713253217052993422e-09
5.814330999999999767e+04;1.709015198679782394e-09
6.238298000000000320e+04;1.339746799331535147e-09
5.839058000000000175e+04;1.684549936722458827e-09
5.846558999999999651e+04;1.677207994419544724e-09
5.852355000000000291e+04;1.671560018338981472e-09
5.860787999999999738e+04;1.663381258552065757e-09
5.869005000000000291e+04;1.655456023730506024e-09
5.875837999999999738e+04;1.648898527924725056e-09
5.886216999999999825e+04;1.638994717447520061e-09
5.903980000000000291e+04;1.622202116972411400e-09
5.909119999999999709e+04;1.617379580581163701e-09
5.915701000000000204e+04;1.611228871802579334e-09
5.923000000000000000e+04;1.604438237654394657e-09
