0.000000000000000000e+00;6.469621515233290644e-09
1.691806000000000040e+03;7.419244159458547461e-09
3.427672999999999774e+03;8.636665037903241022e-09
8.612954999999999927e+03;1.466724140661014331e-08
1.716249899999999980e+04;4.424750266010444265e-08
3.464075800000000163e+04;2.588988234441523743e-08
3.491428199999999924e+04;2.478673298998769316e-08
3.862887599999999657e+04;1.405715092898188729e-08
3.925705299999999988e+04;1.285362222261282748e-08
3.962550600000000122e+04;1.220926891897343051e-08
4.234221600000000035e+04;8.579255054109672834e-09
4.343013500000000204e+04;7.549668509238560215e-09
4.700683000000000175e+04;5.216095035304069234e-09
4.336863399999999820e+04;7.602879624762518511e-09
4.379908499999999913e+04;7.241826958086413302e-09
4.723522099999999773e+04;5.106269287907095251e-09
4.368273700000000099e+04;7.336843376631468081e-09
4.457600600000000122e+04;6.652423574739970367e-09
4.810726999999999680e+04;4.718054704327063372e-09
4.414436800000000221e+04;6.970501909430146073e-09
4.450867700000000332e+04;6.700568231152702578e-09
4.748769600000000355e+04;4.988961728197570715e-09
4.660351699999999983e+04;5.419162777252874979e-09
4.714568400000000111e+04;5.148895279909338874e-09
4.780583999999999651e+04;4.846955406690798618e-09
4.818979099999999744e+04;4.683680495899414092e-09
4.821635599999999977e+04;4.672696210359774428e-09
4.822215899999999965e+04;4.670301980656694989e-09
5.241587700000000041e+04;3.322021789149264575e-09
4.866940899999999965e+04;4.491249364436709172e-09
4.898193400000000111e+04;4.372240508261705365e-09
4.948712700000000041e+04;4.189661620870356096e-09
4.940616199999999662e+04;4.218145643326942316e-09
4.989382299999999668e+04;4.050819683521047408e-09
5.012597099999999773e+04;3.974595876526438399e-09
5.075621199999999953e+04;3.777931839460331578e-09
5.117099300000000221e+04;3.656084798061128694e-09
5.514047200000000157e+04;2.721970549710876005e-09
5.101093699999999808e+04;3.702427047145774723e-09
5.147471800000000076e+04;3.570384669176679167e-09
5.718170999999999913e+04;2.360033906347149748e-09
5.111305900000000111e+04;3.672762807112801292e-09
5.137533200000000215e+04;3.598111683998807527e-09
5.518715099999999802e+04;2.712961757878468765e-09
5.116051999999999680e+04;3.659091759175316242e-09
5.175467100000000210e+04;3.493880702930278791e-09
5.544461099999999715e+04;2.663936489551051531e-09
5.224882200000000012e+04;3.364320848805447469e-09
5.654105000000000291e+04;2.466976857241347039e-09
5.654964699999999721e+04;2.465503856180238384e-09
5.225427999999999884e+04;3.362927208220762903e-09
5.226358899999999994e+04;3.360552088128309007e-09
5.640052999999999884e+04;2.491204425940109382e-09
5.648832699999999750e+04;2.476033577022156416e-09
5.226537299999999959e+04;3.360097177538071709e-09
5.270683200000000215e+04;3.250068127147029117e-09
5.291976699999999983e+04;3.198742364527851250e-09
5.302095199999999750e+04;3.174735127443431803e-09
5.715017700000000332e+04;2.365166705776010099e-09
5.359277399999999761e+04;3.043483793482235627e-09
5.363180599999999686e+04;3.034788581357445472e-09
5.382660399999999936e+04;2.991876876276869958e-09
5.407081399999999849e+04;2.939191789773362824e-09
5.423431799999999930e+04;2.904588678815768230e-09
5.421174399999999878e+04;2.909334713222035178e-09
5.465383000000000175e+04;2.818169000064680655e-09
5.852190699999999924e+04;2.153484828602503688e-09
5.422562799999999697e+04;2.906414511850542955e-09
5.428815200000000186e+04;2.893310613372079768e-09
5.471330999999999767e+04;2.806183026800794584e-09
5.476286200000000099e+04;2.796247030136942170e-09
5.477018800000000192e+04;2.794781831795132294e-09
5.477189800000000105e+04;2.794439972200692296e-09
5.476773099999999977e+04;2.795273122832635182e-09
5.499043099999999686e+04;2.751182816624142904e-09
5.507319400000000314e+04;2.735020865609276381e-09
5.513152999999999884e+04;2.723700578881935237e-09
5.515673099999999977e+04;2.718828408139375042e-09
5.937419999999999709e+04;2.032995699041933136e-09
5.529625200000000041e+04;2.692050755278073489e-09
5.562190000000000146e+04;2.630816044375151364e-09
5.568837700000000041e+04;2.618528385102370834e-09
5.537383499999999913e+04;2.677302865055287606e-09
5.550097299999999814e+04;2.653351467259925629e-09
5.574116500000000087e+04;2.608821364567410879e-09
5.575194700000000012e+04;2.606844146947290927e-09
5.588834700000000157e+04;2.581989195159850095e-09
5.580536200000000099e+04;2.597075963038689427e-09
6.001300000000000000e+04;1.947694664881448806e-09
6.005140000000000146e+04;1.942696731598604324e-09
5.585462299999999959e+04;2.588107255379150583e-09
5.585673700000000099e+04;2.587723220957474077e-09
5.610440699999999924e+04;2.543209490068347403e-09
5.613284799999999814e+04;2.538157820140968595e-09
5.613485100000000239e+04;2.537802509344489017e-09
5.613558899999999994e+04;2.537671611286726512e-09
5.613615899999999965e+04;2.537570516800276169e-09
5.624237799999999697e+04;2.518816814428607799e-09
6.045209999999999854e+04;1.891391039495734673e-09
5.629800499999999738e+04;2.509062616917804379e-09
5.635890099999999802e+04;2.498436918797599341e-09
5.639011299999999756e+04;2.493011866279773097e-09
6.059880000000000291e+04;1.872986969757383488e-09
5.639588599999999860e+04;2.492010004760596024e-09
5.648636499999999796e+04;2.476371380480137551e-09
5.663074399999999878e+04;2.451660707765067017e-09
5.663279699999999866e+04;2.451311477494798173e-09
5.654613700000000244e+04;2.466105128024175188e-09
5.665918000000000029e+04;2.446828848410975251e-09
5.678000400000000081e+04;2.426425290691397853e-09
5.683868000000000029e+04;2.416590167193065946e-09
5.696366799999999785e+04;2.395798220251219581e-09
5.696591100000000006e+04;2.395427046092870858e-09
5.696972499999999854e+04;2.394796058292303686e-09
5.697051200000000244e+04;2.394665881720988776e-09
5.709433000000000175e+04;2.374289748763360022e-09
6.124750000000000000e+04;1.793952243356380921e-09
5.710394999999999709e+04;2.372715274049275615e-09
5.710695999999999913e+04;2.372222891502371497e-09
6.135100000000000000e+04;1.781686574530860608e-09
5.710473000000000320e+04;2.372587668261168884e-09
5.728365299999999843e+04;2.343530089090663251e-09
5.737455299999999988e+04;2.328928985613952133e-09
5.749876999999999680e+04;2.309149280208032751e-09
5.749956999999999971e+04;2.309022534420185036e-09
5.750034999999999854e+04;2.308898965154641415e-09
5.751781999999999971e+04;2.306133366547661310e-09
5.753330000000000291e+04;2.303686049557300293e-09
5.756244000000000233e+04;2.299087420990469222e-09
6.160000000000000000e+04;1.752554198354504917e-09
6.176930000000000291e+04;1.733045361840423031e-09
5.777544000000000233e+04;2.265798507130604292e-09
5.784716999999999825e+04;2.254715261602436849e-09
6.208000000000000000e+04;1.697858300479220515e-09
5.785675000000000000e+04;2.253239818858104039e-09
5.789819999999999709e+04;2.246868949728931045e-09
6.200859999999999854e+04;1.705874747188155729e-09
6.212530000000000291e+04;1.692793563208840020e-09
5.805794000000000233e+04;2.222512292931388376e-09
5.810069000000000233e+04;2.216046060361232089e-09
5.810088999999999942e+04;2.216015860342822243e-09
5.814330999999999767e+04;2.209621213868127617e-09
6.238298000000000320e+04;1.664295308772587144e-09
5.839058000000000175e+04;2.172768709482976938e-09
5.846558999999999651e+04;2.161730093023388904e-09
5.852355000000000291e+04;2.153244824116189970e-09
5.860787999999999738e+04;2.140967358963166870e-09
5.869005000000000291e+04;2.129081657511457118e-09
5.875837999999999738e+04;2.119255493663768169e-09
5.886216999999999825e+04;2.104429206491472008e-09
5.903980000000000291e+04;2.079329116783080849e-09
5.909119999999999709e+04;2.072129827255826070e-09
5.915701000000000204e+04;2.062953602275558671e-09
5.923000000000000000e+04;2.052830234373640379e-09
