0.000000000000000000e+00;1.233233929898085705e-08
1.691806000000000040e+03;1.473441188995132759e-08
3.427672999999999774e+03;1.788155411804407095e-08
8.612954999999999927e+03;3.367091184649652291e-08
1.716249899999999980e+04;7.861958816445610499e-08
3.464075800000000163e+04;1.120778933814485741e-08
3.491428199999999924e+04;1.083130464766542319e-08
3.862887599999999657e+04;7.083548971019205391e-09
3.925705299999999988e+04;6.641144954611022794e-09
3.962550600000000122e+04;6.400732802635882723e-09
4.234221600000000035e+04;4.977241423911839880e-09
4.343013500000000204e+04;4.541135138147888177e-09
4.700683000000000175e+04;3.455632030088839336e-09
4.336863399999999820e+04;4.564177850160284429e-09
4.379908499999999913e+04;4.406609652595446922e-09
4.723522099999999773e+04;3.399957062708135193e-09
4.368273700000000099e+04;4.448358384979910134e-09
4.457600600000000122e+04;4.142701877784442094e-09
4.810726999999999680e+04;3.198905966518047842e-09
4.414436800000000221e+04;4.286215323723220947e-09
4.450867700000000332e+04;4.164597453234226032e-09
4.748769600000000355e+04;3.339917260820204147e-09
4.660351699999999983e+04;3.557262256572309450e-09
4.714568400000000111e+04;3.421626475596931182e-09
4.780583999999999651e+04;3.266419977297723662e-09
4.818979099999999744e+04;3.180770114475908873e-09
4.821635599999999977e+04;3.174962940843298465e-09
4.822215899999999965e+04;3.173696393946606251e-09
5.241587700000000041e+04;2.412956998713671472e-09
4.866940899999999965e+04;3.078190004043069096e-09
4.898193400000000111e+04;3.013831745477717423e-09
4.948712700000000041e+04;2.913685266255753224e-09
4.940616199999999662e+04;2.929423467657115917e-09
4.989382299999999668e+04;2.836354176581899913e-09
5.012597099999999773e+04;2.793458432044831238e-09
5.075621199999999953e+04;2.681310649408690682e-09
5.117099300000000221e+04;2.610745308640541381e-09
5.514047200000000157e+04;2.041712998410182126e-09
5.101093699999999808e+04;2.637681974163884745e-09
5.147471800000000076e+04;2.560611484469918064e-09
5.718170999999999913e+04;1.808134452130440903e-09
5.111305900000000111e+04;2.620453448257065357e-09
5.137533200000000215e+04;2.576877140767925505e-09
5.518715099999999802e+04;2.035985368435366747e-09
5.116051999999999680e+04;2.612496798907768011e-09
5.175467100000000210e+04;2.515504603383438435e-09
5.544461099999999715e+04;2.004737814345809874e-09
5.224882200000000012e+04;2.438353541123934152e-09
5.654105000000000291e+04;1.877883233263704229e-09
5.654964699999999721e+04;1.876926662240189623e-09
5.225427999999999884e+04;2.437518425803216766e-09
5.226358899999999994e+04;2.436094919294293764e-09
5.640052999999999884e+04;1.893600051688283252e-09
5.648832699999999750e+04;1.883762146703330377e-09
5.226537299999999959e+04;2.435822235939364191e-09
5.270683200000000215e+04;2.369520252258345326e-09
5.291976699999999983e+04;2.338354949563450284e-09
5.302095199999999750e+04;2.323725896494314818e-09
5.715017700000000332e+04;1.811495925269846730e-09
5.359277399999999761e+04;2.243165180507696839e-09
5.363180599999999686e+04;2.237793527811278229e-09
5.382660399999999936e+04;2.211221103003198824e-09
5.407081399999999849e+04;2.178454221177029043e-09
5.423431799999999930e+04;2.156848092266828522e-09
5.421174399999999878e+04;2.159815493084000703e-09
5.465383000000000175e+04;2.102594540902310361e-09
5.852190699999999924e+04;1.671719821811053136e-09
5.422562799999999697e+04;2.157989822137032212e-09
5.428815200000000186e+04;2.149791543418732211e-09
5.471330999999999767e+04;2.095036920345102818e-09
5.476286200000000099e+04;2.088765831589659829e-09
5.477018800000000192e+04;2.087840609749009132e-09
5.477189800000000105e+04;2.087624720126564226e-09
5.476773099999999977e+04;2.088150856251079507e-09
5.499043099999999686e+04;2.060254859153618801e-09
5.507319400000000314e+04;2.050002226500106971e-09
5.513152999999999884e+04;2.042812408649438726e-09
5.515673099999999977e+04;2.039715788104933069e-09
5.937419999999999709e+04;1.591118052915921861e-09
5.529625200000000041e+04;2.022673316325489504e-09
5.562190000000000146e+04;1.983553148601133785e-09
5.568837700000000041e+04;1.975678441424981999e-09
5.537383499999999913e+04;2.013270300249208539e-09
5.550097299999999814e+04;1.997973882273292288e-09
5.574116500000000087e+04;1.969451762566072707e-09
5.575194700000000012e+04;1.968182826004459678e-09
5.588834700000000157e+04;1.952213346603242843e-09
5.580536200000000099e+04;1.961910696580839959e-09
6.001300000000000000e+04;1.533599801305295656e-09
6.005140000000000146e+04;1.530217954081937472e-09
5.585462299999999959e+04;1.956147350538095562e-09
5.585673700000000099e+04;1.955900470329378422e-09
5.610440699999999924e+04;1.927230343126061571e-09
5.613284799999999814e+04;1.923969937687814363e-09
5.613485100000000239e+04;1.923740564317418573e-09
5.613558899999999994e+04;1.923656060449470691e-09
5.613615899999999965e+04;1.923590796233370028e-09
5.624237799999999697e+04;1.911474337191233076e-09
6.045209999999999854e+04;1.495426431835073610e-09
5.629800499999999738e+04;1.905164838754622634e-09
5.635890099999999802e+04;1.898285801405910468e-09
5.639011299999999756e+04;1.894771309261797869e-09
6.059880000000000291e+04;1.482912564379728434e-09
5.639588599999999860e+04;1.894122104514719024e-09
5.648636499999999796e+04;1.883981337500708226e-09
5.663074399999999878e+04;1.867931228219541377e-09
5.663279699999999866e+04;1.867704162348876538e-09
5.654613700000000244e+04;1.877317143852048141e-09
5.665918000000000029e+04;1.864789026944990956e-09
5.678000400000000081e+04;1.851506711838884308e-09
5.683868000000000029e+04;1.845096337944324449e-09
5.696366799999999785e+04;1.831527598540105258e-09
5.696591100000000006e+04;1.831285163750335711e-09
5.696972499999999854e+04;1.830873013281014251e-09
5.697051200000000244e+04;1.830787981543281146e-09
5.709433000000000175e+04;1.817467180191791939e-09
6.124750000000000000e+04;1.428969108547978779e-09
5.710394999999999709e+04;1.816436961623259946e-09
5.710695999999999913e+04;1.816114756428506004e-09
6.135100000000000000e+04;1.420567610706247313e-09
5.710473000000000320e+04;1.816353460199564504e-09
5.728365299999999843e+04;1.797316683455001948e-09
5.737455299999999988e+04;1.787734134887888596e-09
5.749876999999999680e+04;1.774735057648226600e-09
5.749956999999999971e+04;1.774651695030787735e-09
5.750034999999999854e+04;1.774570420847716006e-09
5.751781999999999971e+04;1.772751217163305851e-09
5.753330000000000291e+04;1.771141043541996510e-09
5.756244000000000233e+04;1.768114599758796435e-09
6.160000000000000000e+04;1.400580664656044758e-09
6.176930000000000291e+04;1.387170536716262545e-09
5.777544000000000233e+04;1.746173516836304794e-09
5.784716999999999825e+04;1.738855571635163030e-09
6.208000000000000000e+04;1.362930980004728153e-09
5.785675000000000000e+04;1.737880895752739688e-09
5.789819999999999709e+04;1.733671001765078915e-09
6.200859999999999854e+04;1.368459283840581744e-09
6.212530000000000291e+04;1.359436414440397702e-09
5.805794000000000233e+04;1.717556513083939402e-09
5.810069000000000233e+04;1.713273226898530894e-09
5.810088999999999942e+04;1.713253217048351078e-09
5.814330999999999767e+04;1.709015198673124417e-09
6.238298000000000320e+04;1.339746799328121166e-09
5.839058000000000175e+04;1.684549936713977537e-09
5.846558999999999651e+04;1.677207994411570909e-09
5.852355000000000291e+04;1.671560018331978768e-09
5.860787999999999738e+04;1.663381258545513660e-09
5.869005000000000291e+04;1.655456023725051388e-09
5.875837999999999738e+04;1.648898527918717243e-09
5.886216999999999825e+04;1.638994717443411248e-09
5.903980000000000291e+04;1.622202116968949028e-09
5.909119999999999709e+04;1.617379580574138456e-09
5.915701000000000204e+04;1.611228871796372585e-09
5.923000000000000000e+04;1.604438237648166815e-09
